UHRandom  car.txt  10  10  0.283822  0.397538  0.122541  0.196099  
RH  4d.txt  100  10  0.216857  0.293712  0.469882  0.0195493  
RH  2d.txt  20  20  0.387634  0.612366  
RH  4d.txt  10  10  0.283822  0.397538  0.122541  0.196099  
HDPI  household.txt  20  1  0.0159983  0.238967  0.133271  0.13638  0.0842735  0.260625  0.130485  
UHSimplex  4d.txt  100  10  0.216857  0.293712  0.469882  0.0195493 
UHSimplex  4d.txt  20  1  0.216857  0.293712  0.469882  0.0195493  
PreferenceLearning  2d.txt  20 20  0.98866  0.0113401 
 
UHSimplex  2d.txt  20  15  0.378069  0.621931   
Median 2dd.txt  20 10 0.8 0.2